{
  "asset": {
    "version": "2.0",
    "generator": "THREE.GLTFExporter"
  },
  "scenes": [
    {
      "nodes": [
        0
      ]
    }
  ],
  "scene": 0,
  "nodes": [
    {
      "children": [
        26
      ],
      "matrix": [
        0.01,
        0,
        0,
        0,
        0,
        0.01,
        0,
        0,
        0,
        0,
        0.01,
        0,
        0,
        0,
        0,
        1
      ]
    },
    {
      "matrix": [
        0.5883484054145521,
        0.39223227027636803,
        -0.7071067811865475,
        0,
        -0.554700196225229,
        0.8320502943378437,
        0,
        0,
        0.588348405414552,
        0.392232270276368,
        0.7071067811865476,
        0,
        0,
        0,
        0,
        1
      ],
      "name": "Directional Light",
      "extensions": {
        "KHR_lights_punctual": {
          "light": 0
        }
      }
    },
    {
      "matrix": [
        1,
        0,
        0,
        0,
        0,
        1,
        0,
        0,
        0,
        0,
        1,
        0,
        35.227029544799734,
        20.26510148669406,
        1099.7600938292233,
        1
      ],
      "name": "Camera",
      "camera": 0
    },
    {
      "matrix": [
        1,
        0,
        0,
        0,
        0,
        1,
        0,
        0,
        0,
        0,
        1,
        0,
        44.092506005438025,
        108.57326912956361,
        6.122666181327482,
        1
      ],
      "name": "Sphere",
      "mesh": 0
    },
    {
      "matrix": [
        1,
        0,
        0,
        0,
        0,
        1,
        0,
        0,
        0,
        0,
        1,
        0,
        -314.9120674133301,
        59.210060119628906,
        9.269773483276367,
        1
      ],
      "name": "Shape",
      "mesh": 1
    },
    {
      "matrix": [
        1,
        0,
        0,
        0,
        0,
        1,
        0,
        0,
        0,
        0,
        1,
        0,
        35.22702954479979,
        20.265101486694306,
        -8.269773483276367,
        1
      ],
      "name": "Text",
      "children": [
        3,
        4
      ]
    },
    {
      "matrix": [
        -0.07868706161973124,
        -0.9968993662018512,
        0,
        0,
        0.9968993662018512,
        -0.07868706161973124,
        0,
        0,
        0,
        0,
        1,
        0,
        -738.1672060786503,
        -236.78969416419847,
        -212.97958860925965,
        1
      ],
      "name": "Shape 6",
      "mesh": 2
    },
    {
      "matrix": [
        1,
        0,
        0,
        0,
        0,
        1,
        0,
        0,
        0,
        0,
        1,
        0,
        75.33993328165491,
        707.8550011610737,
        26.544684912378457,
        1
      ],
      "name": "Shape 5",
      "mesh": 3
    },
    {
      "matrix": [
        -0.17476802438355477,
        -0.984609637192867,
        0,
        0,
        0.984609637192867,
        -0.17476802438355477,
        0,
        0,
        0,
        0,
        1,
        0,
        -773.3079987725122,
        191.1776933919302,
        159.73728370775848,
        1
      ],
      "name": "Shape 4",
      "mesh": 4
    },
    {
      "matrix": [
        0.8420329062972466,
        0.19829650766233473,
        0.5016563363115571,
        0,
        -0.017224277975381473,
        0.9393909950738851,
        -0.34241478154764704,
        0,
        -0.5391511003056928,
        0.27968384548096026,
        0.7944136439010493,
        0,
        440.5158339407967,
        206.10122573620566,
        -142.277731030012,
        1.0000000000000002
      ],
      "name": "Triangle",
      "mesh": 5
    },
    {
      "matrix": [
        0.9324511563668593,
        -0.23941943050100162,
        -0.2705793364037302,
        0,
        0.17003261269948375,
        0.9515914512376898,
        -0.2560519879827828,
        0,
        0.31878480454484387,
        0.19274866077336023,
        0.9280216603945093,
        0,
        379.3887019159506,
        -340.00772313811666,
        -23.64167986502602,
        1
      ],
      "name": "Ellipse 4",
      "mesh": 6
    },
    {
      "matrix": [
        0.824203575176536,
        -0.4974688828233712,
        -0.2705793364037305,
        0,
        0.5354391239994902,
        0.5290208362619311,
        0.6583630452048368,
        0,
        -0.18437302177074294,
        -0.6875039384783146,
        0.7023851674259152,
        0,
        -513.5647069431246,
        338.50275224036324,
        -65.24879788998678,
        0.9999999999999998
      ],
      "name": "Ellipse 3",
      "mesh": 7
    },
    {
      "matrix": [
        0.7984905969300168,
        -0.07785946675511246,
        0.5969511454473934,
        0,
        -0.4972482572268331,
        -0.6442599059808757,
        0.5810966737388797,
        0,
        0.3393478116906349,
        -0.7608331466110836,
        -0.5531509610573359,
        0,
        -510.235492054242,
        257.9017085236286,
        79.24387806036556,
        0.9999999999999998
      ],
      "name": "Cylinder 2",
      "mesh": 8
    },
    {
      "matrix": [
        0.7544601626131171,
        0.6520396049783241,
        -0.07506141864833107,
        0,
        0.5252510133005099,
        -0.5312302119056369,
        0.6647599829904626,
        0,
        0.393574943380008,
        -0.5409610110704872,
        -0.7432764952862564,
        0,
        167.94551652014445,
        335.14123163778027,
        -82.7406067186523,
        1.0000000000000002
      ],
      "name": "Cylinder",
      "mesh": 9
    },
    {
      "matrix": [
        1,
        0,
        0,
        0,
        0,
        1,
        0,
        0,
        0,
        0,
        1,
        0,
        580.653037252193,
        264.35737072898905,
        21.684025937518967,
        1
      ],
      "name": "Sphere 3",
      "mesh": 10
    },
    {
      "matrix": [
        1,
        0,
        0,
        0,
        0,
        1,
        0,
        0,
        0,
        0,
        1,
        0,
        -198.39064870174286,
        -340.1937213056315,
        -99.17336933378333,
        1
      ],
      "name": "Sphere 6",
      "mesh": 11
    },
    {
      "matrix": [
        1,
        0,
        0,
        0,
        0,
        1,
        0,
        0,
        0,
        0,
        1,
        0,
        -419.34552618865445,
        -305.3585439885563,
        -10.074196307187364,
        1
      ],
      "name": "Sphere 4",
      "mesh": 12
    },
    {
      "matrix": [
        1,
        0,
        0,
        0,
        0,
        1,
        0,
        0,
        0,
        0,
        1,
        0,
        -466.306056399964,
        -50.095960050702146,
        108.00918723990976,
        1
      ],
      "name": "Sphere 2",
      "mesh": 13
    },
    {
      "matrix": [
        0.0837024455442658,
        -0.9746938101349788,
        0.20728211957249726,
        0,
        0.8546510817410498,
        0.17718113924515114,
        0.4880352163262847,
        0,
        -0.5124113865721195,
        0.1363041465999777,
        0.8478536138573034,
        0,
        -637.4753538429735,
        -125.28524418626519,
        76.88986162880423,
        0.9999999999999999
      ],
      "name": "Cone",
      "mesh": 14
    },
    {
      "matrix": [
        -0.21784099608058224,
        -0.8093110296501842,
        0.5454914827136891,
        0,
        0.8115790787831558,
        -0.46065989392028184,
        -0.35934921874805775,
        0,
        0.542111334790285,
        0.36442848327197747,
        0.7571705100385131,
        0,
        -183.30662881707548,
        -229.0600870482569,
        -2.7206609967864117,
        1.0000000000000002
      ],
      "name": "Helix",
      "mesh": 15
    },
    {
      "matrix": [
        -0.2746201940309996,
        0.729875231515563,
        0.6259919292215192,
        0,
        0.9489296832834158,
        0.10057420257827274,
        0.2990272328056105,
        0,
        0.15529393167156422,
        0.6761412398277804,
        -0.7202199793050316,
        0,
        566.1525724294014,
        -225.61284354417418,
        24.059688623980172,
        1.0000000000000002
      ],
      "name": "Torus 2",
      "mesh": 16
    },
    {
      "matrix": [
        0.8705213610817577,
        0.4859058035336658,
        -0.07802634165886979,
        0,
        -0.3528539392099311,
        0.5057416181556356,
        -0.7872226579877853,
        0,
        -0.34305488990014166,
        0.712826041722398,
        0.6117126586543552,
        0,
        -517.3427405214268,
        -257.55514578021496,
        37.90852239430777,
        1
      ],
      "name": "Torus 3",
      "mesh": 17
    },
    {
      "matrix": [
        0.805011058598165,
        7.761962533899162e-17,
        0.593259804415116,
        0,
        0.3813512732680377,
        0.7660285709312141,
        -0.5174663611230477,
        0,
        -0.4544539601670428,
        0.6428065249490564,
        0.616661470801776,
        0,
        635.2404002103636,
        193.66903845173724,
        -47.8292903956072,
        1
      ],
      "name": "Torus",
      "mesh": 18
    },
    {
      "matrix": [
        1,
        0,
        0,
        0,
        0,
        1,
        0,
        0,
        0,
        0,
        1,
        0,
        28.237574490784084,
        26.77680812199108,
        -108.78604639638276,
        1
      ],
      "name": "bg-objects",
      "children": [
        6,
        7,
        8,
        9,
        10,
        11,
        12,
        13,
        14,
        15,
        16,
        17,
        18,
        19,
        20,
        21,
        22
      ]
    },
    {
      "matrix": [
        1,
        0,
        0,
        0,
        0,
        1,
        -6.098210808471794e-17,
        0,
        0,
        6.098210808471794e-17,
        1,
        0,
        33.71538061566142,
        31.466694161187117,
        2114.0035385674414,
        1
      ],
      "camera": 1
    },
    {
      "matrix": [
        1,
        0,
        0,
        0,
        0,
        1,
        0,
        0,
        0,
        0,
        1,
        0,
        0,
        1,
        0,
        1
      ],
      "name": "Default Ambient Light"
    },
    {
      "name": "Scene",
      "children": [
        1,
        2,
        5,
        23,
        24,
        25
      ]
    }
  ],
  "extensions": {
    "KHR_lights_punctual": {
      "lights": [
        {
          "name": "Directional Light",
          "color": [
            1,
            1,
            1
          ],
          "intensity": 0.7,
          "type": "directional"
        }
      ]
    }
  },
  "cameras": [
    {
      "type": "perspective",
      "perspective": {
        "aspectRatio": 2.1041095890410957,
        "yfov": 0.7853981633974483,
        "zfar": 100000,
        "znear": 70
      },
      "name": "Camera"
    },
    {
      "type": "perspective",
      "perspective": {
        "aspectRatio": 2.1041095890410957,
        "yfov": 0.7853981633974483,
        "zfar": 100000,
        "znear": 70
      }
    }
  ],
  "bufferViews": [
    {
      "buffer": 0,
      "byteOffset": 0,
      "byteLength": 7500,
      "target": 34962,
      "byteStride": 12
    },
    {
      "buffer": 0,
      "byteOffset": 7500,
      "byteLength": 7500,
      "target": 34962,
      "byteStride": 12
    },
    {
      "buffer": 0,
      "byteOffset": 15000,
      "byteLength": 5000,
      "target": 34962,
      "byteStride": 8
    },
    {
      "buffer": 0,
      "byteOffset": 20000,
      "byteLength": 6624,
      "target": 34963
    },
    {
      "buffer": 0,
      "byteOffset": 26624,
      "byteLength": 119172,
      "target": 34962,
      "byteStride": 12
    },
    {
      "buffer": 0,
      "byteOffset": 145796,
      "byteLength": 119172,
      "target": 34962,
      "byteStride": 12
    },
    {
      "buffer": 0,
      "byteOffset": 264968,
      "byteLength": 79448,
      "target": 34962,
      "byteStride": 8
    },
    {
      "buffer": 0,
      "byteOffset": 344416,
      "byteLength": 113016,
      "target": 34963
    },
    {
      "buffer": 0,
      "byteOffset": 457432,
      "byteLength": 21276,
      "target": 34962,
      "byteStride": 12
    },
    {
      "buffer": 0,
      "byteOffset": 478708,
      "byteLength": 21276,
      "target": 34962,
      "byteStride": 12
    },
    {
      "buffer": 0,
      "byteOffset": 499984,
      "byteLength": 14184,
      "target": 34962,
      "byteStride": 8
    },
    {
      "buffer": 0,
      "byteOffset": 514168,
      "byteLength": 19848,
      "target": 34963
    },
    {
      "buffer": 0,
      "byteOffset": 534016,
      "byteLength": 51576,
      "target": 34962,
      "byteStride": 12
    },
    {
      "buffer": 0,
      "byteOffset": 585592,
      "byteLength": 51576,
      "target": 34962,
      "byteStride": 12
    },
    {
      "buffer": 0,
      "byteOffset": 637168,
      "byteLength": 34384,
      "target": 34962,
      "byteStride": 8
    },
    {
      "buffer": 0,
      "byteOffset": 671552,
      "byteLength": 48936,
      "target": 34963
    },
    {
      "buffer": 0,
      "byteOffset": 720488,
      "byteLength": 36276,
      "target": 34962,
      "byteStride": 12
    },
    {
      "buffer": 0,
      "byteOffset": 756764,
      "byteLength": 36276,
      "target": 34962,
      "byteStride": 12
    },
    {
      "buffer": 0,
      "byteOffset": 793040,
      "byteLength": 24184,
      "target": 34962,
      "byteStride": 8
    },
    {
      "buffer": 0,
      "byteOffset": 817224,
      "byteLength": 34248,
      "target": 34963
    },
    {
      "buffer": 0,
      "byteOffset": 851472,
      "byteLength": 8904,
      "target": 34962,
      "byteStride": 12
    },
    {
      "buffer": 0,
      "byteOffset": 860376,
      "byteLength": 8904,
      "target": 34962,
      "byteStride": 12
    },
    {
      "buffer": 0,
      "byteOffset": 869280,
      "byteLength": 5936,
      "target": 34962,
      "byteStride": 8
    },
    {
      "buffer": 0,
      "byteOffset": 875216,
      "byteLength": 11760,
      "target": 34963
    },
    {
      "buffer": 0,
      "byteOffset": 886976,
      "byteLength": 4848,
      "target": 34962,
      "byteStride": 12
    },
    {
      "buffer": 0,
      "byteOffset": 891824,
      "byteLength": 4848,
      "target": 34962,
      "byteStride": 12
    },
    {
      "buffer": 0,
      "byteOffset": 896672,
      "byteLength": 3232,
      "target": 34962,
      "byteStride": 8
    },
    {
      "buffer": 0,
      "byteOffset": 899904,
      "byteLength": 6912,
      "target": 34963
    },
    {
      "buffer": 0,
      "byteOffset": 906816,
      "byteLength": 2424,
      "target": 34962,
      "byteStride": 12
    },
    {
      "buffer": 0,
      "byteOffset": 909240,
      "byteLength": 2424,
      "target": 34962,
      "byteStride": 12
    },
    {
      "buffer": 0,
      "byteOffset": 911664,
      "byteLength": 1616,
      "target": 34962,
      "byteStride": 8
    },
    {
      "buffer": 0,
      "byteOffset": 913280,
      "byteLength": 3408,
      "target": 34963
    },
    {
      "buffer": 0,
      "byteOffset": 916688,
      "byteLength": 4800,
      "target": 34962,
      "byteStride": 12
    },
    {
      "buffer": 0,
      "byteOffset": 921488,
      "byteLength": 4800,
      "target": 34962,
      "byteStride": 12
    },
    {
      "buffer": 0,
      "byteOffset": 926288,
      "byteLength": 3200,
      "target": 34962,
      "byteStride": 8
    },
    {
      "buffer": 0,
      "byteOffset": 929488,
      "byteLength": 4176,
      "target": 34963
    },
    {
      "buffer": 0,
      "byteOffset": 933664,
      "byteLength": 4800,
      "target": 34962,
      "byteStride": 12
    },
    {
      "buffer": 0,
      "byteOffset": 938464,
      "byteLength": 4800,
      "target": 34962,
      "byteStride": 12
    },
    {
      "buffer": 0,
      "byteOffset": 943264,
      "byteLength": 3200,
      "target": 34962,
      "byteStride": 8
    },
    {
      "buffer": 0,
      "byteOffset": 946464,
      "byteLength": 4176,
      "target": 34963
    },
    {
      "buffer": 0,
      "byteOffset": 950640,
      "byteLength": 7500,
      "target": 34962,
      "byteStride": 12
    },
    {
      "buffer": 0,
      "byteOffset": 958140,
      "byteLength": 7500,
      "target": 34962,
      "byteStride": 12
    },
    {
      "buffer": 0,
      "byteOffset": 965640,
      "byteLength": 5000,
      "target": 34962,
      "byteStride": 8
    },
    {
      "buffer": 0,
      "byteOffset": 970640,
      "byteLength": 6624,
      "target": 34963
    },
    {
      "buffer": 0,
      "byteOffset": 977264,
      "byteLength": 2028,
      "target": 34962,
      "byteStride": 12
    },
    {
      "buffer": 0,
      "byteOffset": 979292,
      "byteLength": 2028,
      "target": 34962,
      "byteStride": 12
    },
    {
      "buffer": 0,
      "byteOffset": 981320,
      "byteLength": 1352,
      "target": 34962,
      "byteStride": 8
    },
    {
      "buffer": 0,
      "byteOffset": 982672,
      "byteLength": 1584,
      "target": 34963
    },
    {
      "buffer": 0,
      "byteOffset": 984256,
      "byteLength": 7500,
      "target": 34962,
      "byteStride": 12
    },
    {
      "buffer": 0,
      "byteOffset": 991756,
      "byteLength": 7500,
      "target": 34962,
      "byteStride": 12
    },
    {
      "buffer": 0,
      "byteOffset": 999256,
      "byteLength": 5000,
      "target": 34962,
      "byteStride": 8
    },
    {
      "buffer": 0,
      "byteOffset": 1004256,
      "byteLength": 6624,
      "target": 34963
    },
    {
      "buffer": 0,
      "byteOffset": 1010880,
      "byteLength": 7500,
      "target": 34962,
      "byteStride": 12
    },
    {
      "buffer": 0,
      "byteOffset": 1018380,
      "byteLength": 7500,
      "target": 34962,
      "byteStride": 12
    },
    {
      "buffer": 0,
      "byteOffset": 1025880,
      "byteLength": 5000,
      "target": 34962,
      "byteStride": 8
    },
    {
      "buffer": 0,
      "byteOffset": 1030880,
      "byteLength": 6624,
      "target": 34963
    },
    {
      "buffer": 0,
      "byteOffset": 1037504,
      "byteLength": 5700,
      "target": 34962,
      "byteStride": 12
    },
    {
      "buffer": 0,
      "byteOffset": 1043204,
      "byteLength": 5700,
      "target": 34962,
      "byteStride": 12
    },
    {
      "buffer": 0,
      "byteOffset": 1048904,
      "byteLength": 3800,
      "target": 34962,
      "byteStride": 8
    },
    {
      "buffer": 0,
      "byteOffset": 1052704,
      "byteLength": 5040,
      "target": 34963
    },
    {
      "buffer": 0,
      "byteOffset": 1057744,
      "byteLength": 21948,
      "target": 34962,
      "byteStride": 12
    },
    {
      "buffer": 0,
      "byteOffset": 1079692,
      "byteLength": 21948,
      "target": 34962,
      "byteStride": 12
    },
    {
      "buffer": 0,
      "byteOffset": 1101640,
      "byteLength": 14632,
      "target": 34962,
      "byteStride": 8
    },
    {
      "buffer": 0,
      "byteOffset": 1116272,
      "byteLength": 20520,
      "target": 34963
    },
    {
      "buffer": 0,
      "byteOffset": 1136792,
      "byteLength": 9108,
      "target": 34962,
      "byteStride": 12
    },
    {
      "buffer": 0,
      "byteOffset": 1145900,
      "byteLength": 9108,
      "target": 34962,
      "byteStride": 12
    },
    {
      "buffer": 0,
      "byteOffset": 1155008,
      "byteLength": 6072,
      "target": 34962,
      "byteStride": 8
    },
    {
      "buffer": 0,
      "byteOffset": 1161080,
      "byteLength": 8064,
      "target": 34963
    },
    {
      "buffer": 0,
      "byteOffset": 1169144,
      "byteLength": 20196,
      "target": 34962,
      "byteStride": 12
    },
    {
      "buffer": 0,
      "byteOffset": 1189340,
      "byteLength": 20196,
      "target": 34962,
      "byteStride": 12
    },
    {
      "buffer": 0,
      "byteOffset": 1209536,
      "byteLength": 13464,
      "target": 34962,
      "byteStride": 8
    },
    {
      "buffer": 0,
      "byteOffset": 1223000,
      "byteLength": 18816,
      "target": 34963
    },
    {
      "buffer": 0,
      "byteOffset": 1241816,
      "byteLength": 26532,
      "target": 34962,
      "byteStride": 12
    },
    {
      "buffer": 0,
      "byteOffset": 1268348,
      "byteLength": 26532,
      "target": 34962,
      "byteStride": 12
    },
    {
      "buffer": 0,
      "byteOffset": 1294880,
      "byteLength": 17688,
      "target": 34962,
      "byteStride": 8
    },
    {
      "buffer": 0,
      "byteOffset": 1312568,
      "byteLength": 24768,
      "target": 34963
    }
  ],
  "buffers": [
    {
      "byteLength": 1337336,
